song_length <- c(263288, 152137, 175163, 176146, 226088, 242965, 214416, 212000, 179720, 153000, 203807, 258799, 224694, 186173, 167480, 202735, 205946, 185600, 254181, 270586, 186677, 198324, 169237, 165772, 174680, 231832, 215281, 194050, 179426, 261818, 195760, 174728, 207853, 173182, 257213, 178147, 164818, 206385, 214613, 202226, 216120, 191013, 200547, 216764, 136760, 175344, 188918, 212878, 168873, 161840, 193506, 96825, 173549, 160239, 221693, 172626, 193346, 173381, 202133, 161266, 225148, 165760, 224773, 214405, 143901, 145800, 189560, 256000, 231041)
